	(1)	(2)	(3)	(4)	(5)
	iS10OptRD2	iS09OptRD2	iS08OptRD2	iS07OptRD2	iS06OptRD2
VARIABLES	lnS	lnS	lnS	lnS	lnS
					
belowBench2006	-0.277	0.351	0.872***	1.364***	2.464***
	(0.301)	(0.324)	(0.246)	(0.321)	(0.222)
L4.LISPremiumNeg	-0.838***				
	(0.184)				
L4.LISPremiumPos	-0.464				
	(0.505)				
L4.LISPremiumNegSq	-0.166***				
	(0.0492)				
L4.LISPremiumPosSq	0.111				
	(0.108)				
L4BA_0	2.854***				
	(0.405)				
o.L4BA_1_99	-				
					
o.L4BA_100	-				
					
o.L4BA_101_99	-				
					
o.L4BA_200_49	-				
					
o.L4BA_250Up	-				
					
_IL4btypede_2	-1.275**				
	(0.508)				
_IL4btypede_3	-1.163***				
	(0.218)				
o._IL4btypede_4	0				
	(0)				
_Istate_2	0.799	0.138	-0.413	-0.0665	0.319
	(1.020)	(1.013)	(0.983)	(0.643)	(0.496)
_Istate_3	0.339	-0.791	-1.303	-0.811	-0.395
	(0.852)	(1.168)	(0.940)	(0.743)	(0.892)
_Istate_4	0.0817	-0.399	-0.851	-0.168	0.588
	(0.792)	(0.651)	(0.522)	(0.689)	(0.578)
_Istate_5	0.901	-0.330	-0.228	0.00400	0.610
	(0.737)	(0.788)	(0.663)	(0.414)	(0.636)
_Istate_6	0.164	-0.119	-0.327	0.271	0.301
	(0.734)	(0.624)	(0.691)	(0.620)	(0.425)
_Istate_7	0.430	0.0365	-0.423	-0.0650	-0.194
	(0.714)	(0.598)	(0.573)	(0.416)	(0.304)
_Istate_8	-0.392	-0.267	-0.425	0.218	0.289
	(0.731)	(0.729)	(0.905)	(0.880)	(0.492)
_Istate_9	0.495	-0.0883	-0.844	-0.216	-0.185
	(1.017)	(0.830)	(0.869)	(0.490)	(0.400)
_Istate_10	1.068*	-0.523	-0.185	0.587	0.583*
	(0.608)	(0.706)	(1.117)	(0.537)	(0.282)
_Istate_11	-0.287	-0.872	-1.597**	-0.876	-1.335***
	(1.017)	(0.848)	(0.712)	(0.586)	(0.248)
_Istate_12	-0.186	-0.296	-0.887*	-0.411	-0.392
	(0.584)	(0.542)	(0.477)	(0.422)	(0.364)
_Istate_13	0.332	-0.303	-1.173	-0.693	-0.746**
	(0.681)	(0.624)	(0.804)	(0.486)	(0.291)
_Istate_14	0.832	0.365	-0.789	-0.355	-0.451
	(0.896)	(0.831)	(0.772)	(0.483)	(0.308)
_Istate_15	0.547	0.157	-0.998	-0.474	-0.471
	(0.926)	(0.808)	(0.789)	(0.498)	(0.381)
_Istate_16	1.612*	0.132	-0.544	-0.274	0.0875
	(0.800)	(1.245)	(1.164)	(0.720)	(0.354)
_Istate_17	-0.311	-0.640*	-1.136***	-0.706**	-1.438**
	(0.409)	(0.312)	(0.294)	(0.292)	(0.581)
_Istate_18	0.320	-0.0169	-0.814	-0.299	-0.244
	(0.735)	(0.570)	(0.834)	(0.476)	(0.332)
_Istate_19	0.581	0.485	-0.0882	0.372	0.515
	(1.106)	(0.910)	(0.716)	(0.448)	(0.452)
_Istate_20	0.496	-0.0272	-0.787	-0.0665	-0.225
	(0.913)	(0.713)	(0.582)	(0.369)	(0.483)
_Istate_21	0.334	-0.380	-0.761	-0.0303	-0.352
	(0.935)	(0.521)	(0.593)	(0.541)	(0.389)
_Istate_22	0.824	0.305	-0.130	-0.835**	-0.873**
	(1.001)	(0.724)	(0.871)	(0.374)	(0.422)
_Istate_23	0.821	0.198	-0.127	0.386	0.688
	(0.907)	(0.881)	(0.838)	(0.509)	(0.500)
_Istate_24	0.751	0.212	-0.693	0.132	0.837
	(0.750)	(0.829)	(0.496)	(0.732)	(0.799)
_Istate_25	0.571	0.227	-0.271	-0.355	-0.486
	(1.026)	(0.771)	(1.076)	(0.564)	(0.554)
_Istate_26	1.203	0.729	-0.167	0.292	0.388
	(0.942)	(0.624)	(0.740)	(0.329)	(0.338)
_Istate_27	0.340	-0.461	-0.886	-0.366	-0.366
	(0.919)	(0.827)	(0.914)	(0.525)	(0.395)
_Istate_28	-0.0969	-0.584	-1.031	-0.507	-0.541*
	(0.778)	(0.677)	(0.764)	(0.417)	(0.295)
_Istate_29	0.626	0.0772	-0.710	-0.291	-0.318
	(0.787)	(0.636)	(0.743)	(0.443)	(0.307)
_Istate_30	0.502	0.354	-0.733	-0.236	-0.282
	(0.848)	(0.601)	(0.756)	(0.442)	(0.350)
_Istate_31	0.513	-0.0322	-0.620	-0.186	-0.0590
	(0.923)	(0.764)	(0.792)	(0.405)	(0.276)
_Istate_32	0.108	-0.00173	-0.623	-0.417	-0.402
	(0.705)	(0.518)	(0.577)	(0.450)	(0.393)
_Istate_33	0.392	-0.353	-1.034	-0.646	-0.264
	(0.755)	(0.597)	(0.972)	(0.450)	(0.369)
_Istate_34	0.528	-0.131	-0.955	-0.507	-1.243***
	(0.986)	(1.007)	(0.796)	(0.675)	(0.335)
o._IfirmID_2	0	0	0	0	0
	(0)	(0)	(0)	(0)	(0)
o._IfirmID_3	0	0	0	0	0
	(0)	(0)	(0)	(0)	(0)
_IfirmID_4	1.607***	2.823***	2.280***	2.785***	2.838***
	(0.447)	(0.701)	(0.324)	(0.454)	(0.741)
_IfirmID_5	-0.603	0.695	0.244	0.426	0.425
	(0.593)	(0.411)	(0.692)	(0.832)	(0.388)
o._IfirmID_6	0	0	0	0	0
	(0)	(0)	(0)	(0)	(0)
o._IfirmID_7	0	0	0	0	0
	(0)	(0)	(0)	(0)	(0)
_IfirmID_8	-0.00627	0.316	0.419	1.354***	0.905***
	(0.351)	(0.221)	(0.340)	(0.356)	(0.252)
o._IfirmID_9	0	0	0	0	0
	(0)	(0)	(0)	(0)	(0)
o._IfirmID_10	0	0	0	0	0
	(0)	(0)	(0)	(0)	(0)
o._IfirmID_11	0	0	0	0	0
	(0)	(0)	(0)	(0)	(0)
o._IfirmID_12	0				
	(0)				
o._IfirmID_13	0	0			
	(0)	(0)			
_IfirmID_14	-0.605***	0.190**	0.519***	1.103***	0.988***
	(0.0918)	(0.0846)	(0.0323)	(0.0753)	(0.0452)
_IfirmID_15	-0.493*	0.662**	0.0994	0.229	0.120
	(0.267)	(0.286)	(0.253)	(0.201)	(0.226)
o._IfirmID_16	0	0	0	0	0
	(0)	(0)	(0)	(0)	(0)
o._IfirmID_17	0	0	0	0	0
	(0)	(0)	(0)	(0)	(0)
o._IfirmID_18	0	0	0	0	0
	(0)	(0)	(0)	(0)	(0)
_IfirmID_19	0.336	1.447***	1.048**	1.864**	2.751***
	(0.501)	(0.501)	(0.440)	(0.792)	(0.385)
o._IfirmID_20	0	0	0	0	0
	(0)	(0)	(0)	(0)	(0)
o._IfirmID_21	0	0	0	0	0
	(0)	(0)	(0)	(0)	(0)
_IfirmID_22	1.203*	3.263***	1.597***	0.886	0.528
	(0.632)	(0.674)	(0.446)	(0.560)	(0.663)
o._IfirmID_23	0	0	0	0	0
	(0)	(0)	(0)	(0)	(0)
o._IfirmID_24	0	0	0	0	0
	(0)	(0)	(0)	(0)	(0)
o._IfirmID_25	0	0	0	0	0
	(0)	(0)	(0)	(0)	(0)
o._IfirmID_26	0	0	0	0	0
	(0)	(0)	(0)	(0)	(0)
o._IfirmID_27	0	0	0	0	0
	(0)	(0)	(0)	(0)	(0)
o._IfirmID_28	0	0	0	0	0
	(0)	(0)	(0)	(0)	(0)
o._IfirmID_29	0	0	0	0	0
	(0)	(0)	(0)	(0)	(0)
o._IfirmID_30	0	0	0		
	(0)	(0)	(0)		
o._IfirmID_31	0	0	0	0	0
	(0)	(0)	(0)	(0)	(0)
o._IfirmID_32	0	0	0	0	0
	(0)	(0)	(0)	(0)	(0)
_IfirmID_33	0.198	1.166*	0.315	0.186	0.599
	(0.458)	(0.582)	(0.359)	(0.620)	(0.403)
_IfirmID_34	-2.694***	-0.865*	-1.731***	-1.471**	-1.206**
	(0.616)	(0.434)	(0.371)	(0.709)	(0.457)
o._IfirmID_35	0	0	0	0	0
	(0)	(0)	(0)	(0)	(0)
o._IfirmID_36	0	0	0	0	0
	(0)	(0)	(0)	(0)	(0)
o._IfirmID_37	0	0	0	0	0
	(0)	(0)	(0)	(0)	(0)
o._IfirmID_38	0	0	0	0	0
	(0)	(0)	(0)	(0)	(0)
_IfirmID_39	-0.0368	1.258	0.425	2.811***	1.970***
	(1.204)	(0.900)	(0.696)	(0.456)	(0.184)
o._IfirmID_40	0	0	0	0	0
	(0)	(0)	(0)	(0)	(0)
_IfirmID_41	-0.663	0.611*	0.529**	1.021	2.351***
	(0.442)	(0.321)	(0.223)	(0.632)	(0.805)
_IfirmID_42	-0.789	0.447	-0.0589	1.749**	1.353***
	(1.160)	(0.907)	(0.945)	(0.652)	(0.402)
o._IfirmID_43	0	0	0	0	0
	(0)	(0)	(0)	(0)	(0)
_IfirmID_44	0.242	-0.402	-1.957***	-0.916	0.199
	(0.511)	(0.369)	(0.335)	(0.806)	(0.487)
o._IfirmID_45	0	0	0	0	0
	(0)	(0)	(0)	(0)	(0)
o._IfirmID_46	0	0	0	0	0
	(0)	(0)	(0)	(0)	(0)
o._IfirmID_47	0	0	0	0	0
	(0)	(0)	(0)	(0)	(0)
o._IfirmID_48	0	0	0	0	0
	(0)	(0)	(0)	(0)	(0)
o._IfirmID_49	0	0	0	0	0
	(0)	(0)	(0)	(0)	(0)
o._IfirmID_50	0	0	0	0	0
	(0)	(0)	(0)	(0)	(0)
o._IfirmID_51	0	0	0	0	0
	(0)	(0)	(0)	(0)	(0)
o._IfirmID_52	0	0	0	0	0
	(0)	(0)	(0)	(0)	(0)
o._IfirmID_53	0	0	0	0	0
	(0)	(0)	(0)	(0)	(0)
_IfirmID_54	-3.111***	-2.238***	-2.317***	-0.580	-0.733
	(0.316)	(0.176)	(0.443)	(0.876)	(0.620)
o._IfirmID_55	0	0	0	0	0
	(0)	(0)	(0)	(0)	(0)
o._IfirmID_56	0	0	0	0	0
	(0)	(0)	(0)	(0)	(0)
_IfirmID_57	-2.176***	-1.264***	-1.406***	-0.436	1.045**
	(0.345)	(0.310)	(0.259)	(0.709)	(0.423)
_IfirmID_58	0.666	-0.0992	-1.637***	-1.305*	-0.519
	(0.454)	(0.282)	(0.307)	(0.677)	(0.396)
_IfirmID_59	0.620***	1.194***	1.233***	1.170***	0.858***
	(0.145)	(0.177)	(0.265)	(0.225)	(0.272)
o._IfirmID_60	0	0	0	0	0
	(0)	(0)	(0)	(0)	(0)
o._IfirmID_61	0	0	0	0	0
	(0)	(0)	(0)	(0)	(0)
_IfirmID_62	-2.080***	-1.416***	-1.261***	-0.519	-0.617
	(0.432)	(0.272)	(0.310)	(0.743)	(0.481)
_IfirmID_63	0.209	0.117	0.196	0.659**	-0.192
	(0.354)	(0.480)	(0.232)	(0.255)	(0.357)
o._IfirmID_64	0	0	0	0	0
	(0)	(0)	(0)	(0)	(0)
_IfirmID_65	-1.037**	0.242	-0.0947	0.167	1.371*
	(0.496)	(0.830)	(0.535)	(0.736)	(0.746)
L3.LISPremiumNeg		-0.0652			
		(0.264)			
L3.LISPremiumPos		-0.693			
		(0.487)			
L3.LISPremiumNegSq		-0.0167			
		(0.0446)			
L3.LISPremiumPosSq		0.192			
		(0.117)			
o.L3BA_0		-			
					
o.L3BA_1_99		-			
					
o.L3BA_100		-			
					
o.L3BA_101_99		-			
					
o.L3BA_200_49		-			
					
L3BA_250Up		-1.302***			
		(0.294)			
_IL3btypede_2		1.189***			
		(0.223)			
_IL3btypede_3		-1.587***			
		(0.260)			
o._IL3btypede_4		0			
		(0)			
_IfirmID_12		-2.383***	-2.016***	-1.511**	-0.487
		(0.443)	(0.429)	(0.664)	(0.443)
L2.LISPremiumNeg			0.127		
			(0.444)		
L2.LISPremiumPos			-0.398		
			(0.394)		
L2.LISPremiumNegSq			0.0440		
			(0.0908)		
L2.LISPremiumPosSq			0.113		
			(0.111)		
o.L2BA_0			-		
					
o.L2BA_1_99			-		
					
o.L2BA_100			-		
					
o.L2BA_101_99			-		
					
o.L2BA_200_49			-		
					
L2BA_250Up			-0.310		
			(0.207)		
_IL2btypede_2			1.325***		
			(0.262)		
_IL2btypede_3			-1.263***		
			(0.267)		
o._IL2btypede_4			0		
			(0)		
_IfirmID_13			0.140	0.211	-0.461***
			(0.537)	(0.338)	(0.118)
L.LISPremiumNeg				0.141	
				(0.391)	
L.LISPremiumPos				-0.321	
				(0.301)	
L.LISPremiumNegSq				0.0634	
				(0.0960)	
L.LISPremiumPosSq				0.0750	
				(0.0820)	
o.L1BA_0				-	
					
o.L1BA_1_99				-	
					
o.L1BA_100				-	
					
o.L1BA_101_99				-	
					
o.L1BA_200_49				-	
					
L1BA_250Up				-0.642**	
				(0.299)	
_IL1btypede_2				1.381*	
				(0.700)	
_IL1btypede_3				-0.487	
				(0.550)	
o._IL1btypede_4				0	
				(0)	
_IfirmID_30				-2.602***	-2.248***
				(0.173)	(0.220)
LISPremiumNeg					-0.115
					(0.123)
LISPremiumPos					0.0140
					(0.247)
LISPremiumNegSq					-0.0127
					(0.0350)
LISPremiumPosSq					-0.0467
					(0.0613)
L0BA_0					0.666*
					(0.327)
o.L0BA_1_99					-
					
o.L0BA_100					-
					
o.L0BA_101_99					-
					
o.L0BA_200_49					-
					
L0BA_250Up					0.0694
					(0.322)
_IL0btypede_2					0.407
					(0.712)
_IL0btypede_3					-0.428
					(0.677)
o._IL0btypede_4					0
					(0)
Constant	-4.553***	-4.497***	-3.988***	-5.232***	-6.109***
	(0.691)	(0.469)	(0.621)	(0.423)	(0.437)
					
Observations	212	246	298	299	306
R-squared	0.685	0.535	0.472	0.576	0.794
Robust standard errors in parentheses					
*** p<0.01, ** p<0.05, * p<0.1					
